2520 2 202 557 6 2520 3
466 490 1
391 550 1
691 605 0
676 190 1
223 310 1
598 250 1
267.298 603.847 0
297.298 603.847 0
327.298 603.847 0
357.298 603.847 0
387.298 603.847 0
563.124 600.575 0
0 0 0
0 0 0
0 0 0
0 0 0
0 0 0
0 0 0
0 0 0
0 0 0
0 0 0
0 0 0
0 0 0
0 0 0
0 0 0
1 199 70
1 274 70
1 349 70
1 424 70
1 499 70
1 574 70
1 649 70
1 724 70
1 196 130
1 271 130
1 346 130
1 421 130
1 496 130
1 571 130
1 646 130
1 721 130
1 196 190
1 271 190
0 343 190
0 403 190
0 463 190
1 571 190
1 646 190
1 721 190
